# V     T    P
1.137 0.96 0.044
1.139 0.97 0.0505
1.143 0.98 0.0585 
1.149 0.99 0.0680
1.150 0.995 0.0741
1.151 1.00 0.108
1.156 1.01 0.1880  
1.159 1.02 0.273
1.163 1.04 0.461
1.167 1.06 0.668
1.171 1.08 0.911
1.175 1.10 1.14
1.185 1.12 1.38
1.187 1.14 1.63
1.196 1.16 1.904
1.215 1.18 2.18
1.235 1.187 2.28
1.248 1.18 2.18
1.283 1.16 1.904
1.316 1.14 1.63
1.344 1.12 1.38 
1.378 1.10 1.14
1.405 1.08 0.911
1.446 1.06 0.668
1.50 1.04  0.461
1.570 1.02  0.273
1.621 1.01 0.1880
1.741 1.00  0.108
1.851 0.995 0.0735
6.259 0.995 0.07405
8.056 0.99 0.068
10.56 0.98 0.0585
13.30 0.97 0.0505
16.15 0.96 0.0440
