0.1 0.073403334
0.15 0.091716886
0.2 0.10300754
0.25 0.11018454
0.3 0.11551453
0.34999999 0.12038807
0.4 0.12671005
0.45 0.13758821
0.5 0.15957133
0.55000001 0.20575492
0.59999999 0.29993659
0.65000002 0.47283843
0.70000001 0.71489912
0.71 0.7516081
0.71999999 0.77630232
0.73000001 0.77852531
0.73999997 0.76512598
0.75000002 0.74068304
0.75999998 0.71141648
0.77 0.68122194
0.77999999 0.6507382
0.78999999 0.62017015
0.8 0.58859679
0.81 0.56198727
0.82 0.53932149
0.82999998 0.52969335
0.83999999 0.54349148
0.84999999 0.59098754
0.86 0.6896624
0.86999999 0.84559311
0.88000003 1.0650431
0.89 1.3416656
0.90000001 1.6934696

