0.05 0.037583937
0.06 0.042817171
0.07 0.047285825
0.08 0.05113576
0.09 0.054313984
0.1 0.057040011
0.11 0.059051594
0.12 0.060579999
0.13 0.061645962
0.14 0.062283928
0.15 0.062702495
0.16 0.062436244
0.17 0.062335162
0.18 0.061984221
0.19 0.061554338
0.2 0.061037022
0.21 0.060528113
0.22 0.059975343
0.23 0.059441048
0.24 0.05870792
0.25 0.058064329
0.26 0.057441205
0.27 0.056560884
0.28 0.05581887
0.29 0.054815072
0.3 0.053807802
0.31 0.052943553
0.32 0.051744768
0.33 0.050760064
0.34 0.049609554
0.35 0.048520207
0.36 0.047398362
0.37 0.046003384
0.38 0.044348704
0.39 0.043068208
0.4 0.041149613
0.41 0.039450632
0.42 0.03762794
0.43 0.03599357
0.44 0.033917862
0.45 0.031579918
0.46 0.029486255
0.47 0.027398036
0.48 0.025046825
0.49 0.022760031
0.5 0.021042774
0.51 0.018677851
0.52 0.016958377
0.53 0.015470965
0.54 0.014202922
0.55 0.013055597
0.56 0.013640472
0.57 0.014343216
0.58 0.015735801
0.59 0.017889656
0.6 0.018781966
0.61 -0.013916033
0.62 -0.036683741
0.63 -0.059817766
0.64 -0.073096946
0.65 -0.082888258
0.66 -0.093210972
0.67 -0.10205371
0.68 -0.11524934
0.69 -0.12990176
0.7 -0.14497728
0.71 -0.16187366
0.72 -0.1802476
0.73 -0.20196835
0.74 -0.2206194
0.75 -0.23920703
0.76 -0.26048097
0.77 -0.29004068
0.78 -0.31943556
0.79 -0.34642558
0.8 -0.38975305
0.81 -0.43881888
0.82 -0.49392733
0.83 -0.54492841
0.84 -0.56404569
0.85 -0.52520224
0.86 -0.42244588
0.87 -0.2649727
0.88 -0.03779944
0.89 0.24036016
0.9 0.58091198

