0.1 0.067049911
0.11 0.070601328
0.12 0.073744901
0.13 0.076437297
0.14 0.078784823
0.15 0.080857088
0.16 0.082599099
0.17 0.084145605
0.18 0.085338215
0.19 0.086380676
0.2 0.087245093
0.21 0.08808996
0.22 0.088690959
0.23 0.089177973
0.24 0.089492087
0.25 0.089880649
0.26 0.090135165
0.27 0.090374521
0.28 0.090404495
0.29 0.090441849
0.3 0.090515032
0.31 0.090519797
0.32 0.090384748
0.33 0.090425515
0.34 0.090387565
0.35 0.090258848
0.36 0.09009188
0.37 0.090001415
0.38 0.089817668
0.39 0.089992464
0.4 0.089932006
0.41 0.090029935
0.42 0.09014453
0.43 0.090600366
0.44 0.090782444
0.45 0.091596939
0.46 0.092502458
0.47 0.093407016
0.48 0.095310421
0.49 0.097128295
0.5 0.09988006
0.55000001 0.12584517
0.59999999 0.18988133
0.60999999 0.20960945
0.62000001 0.23190928
0.62999999 0.25695838
0.64 0.28467019
0.65000002 0.31420332
0.66000001 0.34509528
0.67000001 0.37564686
0.68000002 0.40106483
0.68999998 0.41835444
0.70000001 0.41975916
0.71 0.40351318
0.71999999 0.37728049
0.73000001 0.34592109
0.73999997 0.31591239
0.75000002 0.28428129
0.75999998 0.254807
0.77 0.22479207
0.77999999 0.19441164
0.78999999 0.16170621
0.8 0.12870516
0.81 0.097613604
0.82 0.068707181
0.82999998 0.054256071
0.83999999 0.066283828
0.84999999 0.11830551
0.86 0.22216282
0.86999999 0.38281764
0.88000003 0.60222719
0.89 0.88772302
0.90000001 1.2355162

