0.05 0.040288972
0.06 0.046203411
0.07 0.051457248
0.08 0.056128351
0.09 0.060261933
0.1 0.063793169
0.11 0.066907317
0.12 0.069502006
0.13 0.07179671
0.14 0.07364059
0.15 0.075121702
0.16 0.076410018
0.17 0.077372682
0.18 0.078110414
0.19 0.07868478
0.2 0.079164778
0.21 0.079350606
0.22 0.079546866
0.23 0.07960096
0.24 0.07947963
0.25 0.079418509
0.26 0.079249345
0.27 0.079032196
0.28 0.078854082
0.29 0.078390847
0.3 0.077954394
0.31 0.077558083
0.32 0.077293423
0.33 0.076653984
0.34 0.076096024
0.35 0.075638887
0.36 0.07505766
0.37 0.074488257
0.38 0.073870367
0.39 0.073301168
0.4 0.07248903
0.41 0.072077805
0.42 0.071340503
0.43 0.071084328
0.44 0.070345961
0.45 0.06995784
0.46 0.069430964
0.47 0.069726606
0.48 0.0698281
0.49 0.07033186
0.5 0.071888678
0.51 0.07278814
0.52 0.075341143
0.53 0.078064534
0.54 0.081885725
0.55 0.087296305
0.56 0.093343441
0.57 0.1007732
0.58 0.1103495
0.59 0.12157889
0.6 0.13455535
0.61 0.14985
0.62 0.16786
0.63 0.18702
0.64 0.20792
0.65 0.22902
0.66 0.24862
0.67 0.26265
0.68 0.26408
0.69 0.25171
0.7 0.22365
0.71 0.19202546
0.72 0.15882028
0.73 0.13013455
0.74 0.10250332
0.75 0.076288781
0.76 0.047962998
0.77 0.019444935
0.78 -0.010493543
0.79 -0.043843312
0.8 -0.078373442
0.81 -0.11287887
0.82 -0.1446496
0.83 -0.16376292
0.84 -0.15755452
0.85 -0.10539584
0.86 -0.0010423189
0.87 0.16135435
0.88 0.38086797
0.89 0.66689013
0.9 1.0148911

