0.1 0.076476351
0.15 0.09694767
0.2 0.11052668
0.25 0.12019379
0.3 0.12803803
0.34999999 0.13583272
0.4 0.14572896
0.45 0.1615647
0.5 0.19052047
0.55000001 0.24682316
0.59999999 0.35506751
0.65000002 0.54999222
0.70000001 0.838012
0.71 0.89381028
0.71999999 0.9406622
0.73000001 0.96973764
0.73999997 0.97985943
0.75000002 0.96780813
0.75999998 0.9503021
0.77 0.92483939
0.77999999 0.89610897
0.78999999 0.86614328
0.8 0.83808842
0.81 0.8125076
0.82 0.79286164
0.82999998 0.78379634
0.83999999 0.79710758
0.84999999 0.84432211
0.86 0.93803837
0.86999999 1.0869297
0.88000003 1.3042953
0.89 1.5791087
0.90000001 1.9285359

