0.05 0.039599647
0.06 0.045366424
0.07 0.050428268
0.08 0.054924503
0.09 0.058783283
0.1 0.062121406
0.11 0.065012001
0.12 0.067405531
0.13 0.069402517
0.14 0.070964563
0.15 0.072209971
0.16 0.073042057
0.17 0.073879587
0.18 0.07444658
0.19 0.074740498
0.2 0.074877811
0.21 0.074974254
0.22 0.074713429
0.23 0.074675083
0.24 0.074513111
0.25 0.074199467
0.26 0.073848976
0.27 0.07342201
0.28 0.072969186
0.29 0.072483899
0.3 0.071907782
0.31 0.071419935
0.32 0.070607677
0.33 0.070052405
0.34 0.069389727
0.35 0.068479749
0.36 0.067675241
0.37 0.066901765
0.38 0.066220737
0.39 0.065213238
0.4 0.064274605
0.41 0.063233687
0.42 0.062193567
0.43 0.061337161
0.44 0.060584451
0.45 0.059897845
0.46 0.059288293
0.47 0.058418692
0.48 0.057700614
0.49 0.057621219
0.5 0.058015839
0.51 0.058479424
0.52 0.05984171
0.53 0.061733763
0.54 0.064375234
0.55 0.068097873
0.56 0.072829461
0.57 0.079300534
0.58 0.087402517
0.59 0.096242314
0.6 0.10730167
0.61 0.11963579
0.62 0.13486827
0.63 0.15059417
0.64 0.16683485
0.65 0.18331612
0.66 0.19216455
0.67 0.19308584
0.68 0.17603955
0.69 0.15015873
0.7 0.11427557
0.71 0.083322564
0.72 0.055977619
0.73 0.028391908
0.74 0.005315392
0.75 -0.018903962
0.76 -0.045706997
0.77 -0.074962227
0.78 -0.10187525
0.79 -0.13753885
0.8 -0.17137125
0.81 -0.2070574
0.82 -0.24393572
0.83 -0.26933036
0.84 -0.26790102
0.85 -0.2162092
0.86 -0.11041234
0.87 0.051838239
0.88 0.27878969
0.89 0.55567372
0.9 0.9069629

