0.05 0.038941673
0.06 0.044517504
0.07 0.0493985
0.08 0.053709004
0.09 0.057337483
0.1 0.060458826
0.11 0.06303754
0.12 0.065173496
0.13 0.066858224
0.14 0.068282366
0.15 0.069096581
0.16 0.069869187
0.17 0.070292251
0.18 0.070438868
0.19 0.070496655
0.2 0.070431019
0.21 0.070237931
0.22 0.070029505
0.23 0.069673129
0.24 0.069332256
0.25 0.068814931
0.26 0.068295087
0.27 0.06773959
0.28 0.067223352
0.29 0.066495906
0.3 0.065816149
0.31 0.065153228
0.32 0.064388258
0.33 0.063456902
0.34 0.062538461
0.35 0.061895767
0.36 0.06061853
0.37 0.059621144
0.38 0.058589875
0.39 0.057171841
0.4 0.05641046
0.41 0.05495247
0.42 0.053656005
0.43 0.052509079
0.44 0.050975403
0.45 0.049840168
0.46 0.048342124
0.47 0.047459184
0.48 0.046408949
0.49 0.045222993
0.5 0.044794121
0.51 0.044650001
0.52 0.045085
0.53 0.04573369
0.54 0.046791177
0.55 0.049566701
0.56 0.053006698
0.57 0.057683634
0.58 0.063560677
0.59 0.070569188
0.6 0.079893378
0.61 0.089479463
0.62 0.10097885
0.63 0.11276283
0.64 0.12324275
0.65 0.12898383
0.66 0.12474262
0.67 0.10205041
0.68 0.068310803
0.69 0.034248721
0.7 0.0057481216
0.71 -0.017672065
0.72 -0.041767686
0.73 -0.06238982
0.74 -0.084929598
0.75 -0.10831691
0.76 -0.1316276
0.77 -0.15876141
0.78 -0.1881797
0.79 -0.22234612
0.8 -0.25802356
0.81 -0.29432697
0.82 -0.33844849
0.83 -0.36729845
0.84 -0.36537154
0.85 -0.32127882
0.86 -0.21618422
0.87 -0.056782496
0.88 0.16845355
0.89 0.45377626
0.9 0.7936043

