0.1 0.088386688
0.15 0.11709672
0.2 0.13992867
0.25 0.15947517
0.3 0.17827966
0.34999999 0.19880194
0.4 0.22461502
0.45 0.26132388
0.5 0.31894087
0.55000001 0.41480458
0.59999999 0.57814446
0.65000002 0.85137208
0.70000001 1.2734578
0.71 1.3749851
0.71999999 1.4777766
0.73000001 1.582246
0.73999997 1.6814186
0.75000002 1.7690556
0.75999998 1.8367513
0.77 1.8865595
0.77999999 1.9036492
0.78999999 1.9143106
0.8 1.9092554
0.81 1.8999554
0.82 1.8921181
0.82999998 1.8875554
0.83999999 1.9013966
0.84999999 1.9430142
0.86 2.0192466
0.86999999 2.14803
0.88000003 2.3398838
0.89 2.6012597
0.90000001 2.9387038

