0.1 0.085452803
0.15 0.11213686
0.2 0.13266567
0.25 0.14973517
0.3 0.16568461
0.34999999 0.18286998
0.4 0.20456008
0.45 0.23599334
0.5 0.28606458
0.55000001 0.37231366
0.59999999 0.52224418
0.65000002 0.77657966
0.70000001 1.1677219
0.71 1.2616166
0.71999999 1.3542995
0.73000001 1.445096
0.73999997 1.5266055
0.75000002 1.5921173
0.75999998 1.6353617
0.77 1.6566922
0.77999999 1.6589894
0.78999999 1.6500479
0.8 1.631155
0.81 1.6193061
0.82 1.6045035
0.82999998 1.6027975
0.83999999 1.6140174
0.84999999 1.653664
0.86 1.7346089
0.86999999 1.8716739
0.88000003 2.0682519
0.89 2.3325135
0.90000001 2.6758147

