0.1 0.070253258
0.15 0.086394162
0.2 0.095250013
0.25 0.10008283
0.3 0.10294513
0.34999999 0.10516192
0.4 0.10805708
0.45 0.11429346
0.5 0.12929472
0.55000001 0.16528426
0.59999999 0.24467609
0.65000002 0.39453725
0.70000001 0.57929115
0.71 0.59253048
0.71999999 0.58669382
0.73000001 0.56736214
0.73999997 0.53946823
0.75000002 0.50814516
0.75999998 0.47695096
0.77 0.44665866
0.77999999 0.41553332
0.78999999 0.38367662
0.8 0.34917225
0.81 0.31941394
0.82 0.29832217
0.82999998 0.28699185
0.83999999 0.29890891
0.84999999 0.35101197
0.86 0.45190088
0.86999999 0.60928322
0.88000003 0.8305393
0.89 1.1147276
0.90000001 1.4598776

