0.1 0.082482483
0.15 0.10717854
0.2 0.12530982
0.25 0.13992923
0.3 0.1531281
0.34999999 0.16710772
0.4 0.18476194
0.45 0.21072829
0.5 0.25395716
0.55000001 0.33021138
0.59999999 0.4663272
0.65000002 0.70139846
0.70000001 1.0623481
0.71 1.1450453
0.71999999 1.225601
0.73000001 1.2996274
0.73999997 1.3594757
0.75000002 1.4007384
0.75999998 1.4182789
0.77 1.4176733
0.77999999 1.4040572
0.78999999 1.3850199
0.8 1.3632935
0.81 1.3428771
0.82 1.327955
0.82999998 1.3216186
0.83999999 1.3322935
0.84999999 1.3760787
0.86 1.4612008
0.86999999 1.6015298
0.88000003 1.808524
0.89 2.0812415
0.90000001 2.4187792

