0.1 0.079490279
0.15 0.10207276
0.2 0.11797142
0.25 0.1300818
0.3 0.14057279
0.34999999 0.15141817
0.4 0.16510337
0.45 0.18603955
0.5 0.2220078
0.55000001 0.28820884
0.59999999 0.41067961
0.65000002 0.62584657
0.70000001 0.95167112
0.71 1.0231534
0.71999999 1.0886925
0.73000001 1.1417587
0.73999997 1.1777932
0.75000002 1.1797846
0.75999998 1.1875361
0.77 1.1721706
0.77999999 1.1479233
0.78999999 1.1243549
0.8 1.0941701
0.81 1.0746947
0.82 1.0554236
0.82999998 1.0484509
0.83999999 1.0611908
0.84999999 1.1027503
0.86 1.1945731
0.86999999 1.3406096
0.88000003 1.5492575
0.89 1.8236762
0.90000001 2.1732236

