0.1 0.094167348
0.15 0.12691756
0.2 0.15428454
0.25 0.17890459
0.3 0.20346316
0.34999999 0.23080947
0.4 0.2650954
0.45 0.31274941
0.5 0.38491236
0.55000001 0.50076652
0.59999999 0.69088057
0.65000002 1.0004228
0.70000001 1.4769833
0.71 1.5934455
0.71999999 1.7161563
0.73000001 1.8425454
0.73999997 1.9703051
0.75000002 2.0917908
0.75999998 2.207892
0.77 2.305638
0.77999999 2.3791403
0.78999999 2.4274699
0.8 2.4551618
0.81 2.4701735
0.82 2.4769894
0.82999998 2.4835655
0.83999999 2.5033954
0.84999999 2.5412559
0.86 2.6128053
0.86999999 2.730386
0.88000003 2.9091084
0.89 3.1572568
0.90000001 3.4810186

