0.05 0.040953586
0.06 0.047022378
0.07 0.052483794
0.08 0.057346001
0.09 0.061659725
0.1 0.065430532
0.11 0.068742805
0.12 0.071701406
0.13 0.074133619
0.14 0.076234796
0.15 0.078038506
0.16 0.079584996
0.17 0.080821492
0.18 0.081756168
0.19 0.082641916
0.2 0.083206126
0.21 0.083741326
0.22 0.084186469
0.23 0.084456004
0.24 0.084515048
0.25 0.084646634
0.26 0.084691035
0.27 0.084720375
0.28 0.084670715
0.29 0.084534348
0.3 0.084224219
0.31 0.084061275
0.32 0.083873003
0.33 0.083565315
0.34 0.083145186
0.35 0.082978482
0.36 0.082467847
0.37 0.082267578
0.38 0.081844131
0.39 0.081427725
0.4 0.081103877
0.41 0.08091351
0.42 0.080421917
0.43 0.080278041
0.44 0.080804598
0.45 0.080495993
0.46 0.081036468
0.47 0.081643726
0.48 0.082274193
0.49 0.083974461
0.5 0.085538769
0.51 0.087790265
0.52 0.090912778
0.53 0.095148062
0.54 0.10015822
0.55 0.10634145
0.56 0.11415486
0.57 0.12332961
0.58 0.13445711
0.59 0.14725166
0.6 0.16273417
0.61 0.17965364
0.62 0.20018042
0.63 0.22303293
0.64 0.24739191
0.65 0.27286857
0.66 0.29835162
0.67 0.32107034
0.68 0.3378722
0.69 0.33964222
0.7 0.3263421
0.71 0.30095095
0.72 0.27021324
0.73 0.2345528
0.74 0.20661518
0.75 0.17870991
0.76 0.14911108
0.77 0.11961152
0.78 0.087608173
0.79 0.056235675
0.8 0.02359682
0.81 -0.011268634
0.82 -0.042517053
0.83 -0.053081283
0.84 -0.04612569
0.85 0.0037982349
0.86 0.10595571
0.87 0.27070823
0.88 0.48939278
0.89 0.77246473
0.9 1.1227398

