0.05 0.038274385
0.06 0.043651167
0.07 0.04833267
0.08 0.052415755
0.09 0.055866098
0.1 0.058706675
0.11 0.061063021
0.12 0.062974741
0.13 0.064366768
0.14 0.065283244
0.15 0.065932141
0.16 0.066436535
0.17 0.066430154
0.18 0.066352277
0.19 0.066178736
0.2 0.065843874
0.21 0.065525527
0.22 0.065144965
0.23 0.064524384
0.24 0.064046051
0.25 0.063426366
0.26 0.062673263
0.27 0.062255703
0.28 0.061521094
0.29 0.06062785
0.3 0.059805261
0.31 0.058994285
0.32 0.058068429
0.33 0.056945706
0.34 0.056023587
0.35 0.055043092
0.36 0.053735719
0.37 0.052772685
0.38 0.051341979
0.39 0.0499737
0.4 0.048566268
0.41 0.046976581
0.42 0.045456756
0.43 0.043635921
0.44 0.042013564
0.45 0.040474464
0.46 0.038548928
0.47 0.036913815
0.48 0.035197265
0.49 0.033507448
0.5 0.032740487
0.51 0.031362172
0.52 0.030674102
0.53 0.030082397
0.54 0.030302074
0.55 0.031455473
0.56 0.033070336
0.57 0.035778555
0.58 0.039894092
0.59 0.04514961
0.6 0.050795509
0.61 0.058148099
0.62 0.06486434
0.63 0.068845247
0.64 0.063532585
0.65 0.049278655
0.66 0.0086067811
0.67 -0.020410808
0.68 -0.051559908
0.69 -0.072024968
0.7 -0.087911207
0.71 -0.10449359
0.72 -0.12063966
0.73 -0.14034694
0.74 -0.16057852
0.75 -0.18296026
0.76 -0.20745604
0.77 -0.23161481
0.78 -0.25986663
0.79 -0.29537376
0.8 -0.33089413
0.81 -0.37151233
0.82 -0.41856896
0.83 -0.46402689
0.84 -0.47236328
0.85 -0.42510122
0.86 -0.32118788
0.87 -0.15861681
0.88 0.061595175
0.89 0.34428651
0.9 0.69053093

