0.1 0.068673433
0.11 0.072445635
0.12 0.075807951
0.13 0.078749321
0.14 0.081358126
0.15 0.083645605
0.16 0.085594581
0.17 0.087321149
0.18 0.088901699
0.19 0.090165104
0.2 0.091287386
0.21 0.092274082
0.22 0.093172933
0.23 0.09378327
0.24 0.094382478
0.25 0.094947505
0.26 0.095566337
0.27 0.095870023
0.28 0.096166155
0.29 0.096407636
0.3 0.096779166
0.31 0.096995107
0.32 0.097111653
0.33 0.097337658
0.34 0.097401809
0.35 0.09760693
0.36 0.097841316
0.37 0.098044592
0.38 0.098437287
0.39 0.098328439
0.4 0.098969588
0.41 0.099587372
0.42 0.1000295
0.43 0.10064811
0.44 0.1017831
0.45 0.10257358
0.46 0.10411794
0.47 0.10622983
0.48 0.10837611
0.49 0.11109986
0.5 0.11431158

