0.1 0.091304829
0.15 0.12198473
0.2 0.14714803
0.25 0.16921468
0.3 0.19083128
0.34999999 0.21481808
0.4 0.24480063
0.45 0.28690422
0.5 0.35180943
0.55000001 0.45763142
0.59999999 0.63450193
0.65000002 0.92590019
0.70000001 1.375821
0.71 1.4846379
0.71999999 1.5990968
0.73000001 1.7151536
0.73999997 1.8278246
0.75000002 1.9364262
0.75999998 2.0294104
0.77 2.100542
0.77999999 2.1481338
0.78999999 2.175725
0.8 2.1831565
0.81 2.1847741
0.82 2.1825905
0.82999998 2.185629
0.83999999 2.2007886
0.84999999 2.2383666
0.86 2.3124142
0.86999999 2.4355363
0.88000003 2.619579
0.89 2.8733002
0.90000001 3.2083665

