0.000000e+00 0.000000e+00
1.000000e-01 0.000000e+00
2.000000e-01 0.000000e+00
3.000000e-01 0.000000e+00
4.000000e-01 0.000000e+00
5.000000e-01 0.000000e+00
6.000000e-01 0.000000e+00
7.000000e-01 0.000000e+00
8.000000e-01 0.000000e+00
9.000000e-01 0.000000e+00
1.000000e+00 2.510684e+00
1.100000e+00 1.960551e+00
1.200000e+00 1.636982e+00
1.300000e+00 1.476144e+00
1.400000e+00 5.302626e-01
1.500000e+00 5.613036e-01
1.600000e+00 6.431279e-01
1.700000e+00 7.926531e-01
1.800000e+00 9.664745e-01
1.900000e+00 1.119477e+00
2.000000e+00 1.212706e+00
2.100000e+00 1.197914e+00
2.200000e+00 1.127983e+00
2.300000e+00 1.038482e+00
2.400000e+00 9.226229e-01
2.500000e+00 8.711756e-01
2.600000e+00 8.863000e-01
2.700000e+00 9.490123e-01
2.800000e+00 1.019125e+00
2.900000e+00 1.065640e+00
3.000000e+00 1.073255e+00
3.100000e+00 1.058970e+00
3.200000e+00 1.025790e+00
3.300000e+00 9.929803e-01
3.400000e+00 9.680967e-01
3.500000e+00 9.592282e-01
3.600000e+00 9.706643e-01
3.700000e+00 9.896439e-01
3.800000e+00 1.014899e+00
3.900000e+00 1.027966e+00
4.000000e+00 1.025849e+00
4.100000e+00 1.015790e+00
4.200000e+00 1.004242e+00
4.300000e+00 9.910534e-01
4.400000e+00 9.858986e-01
4.500000e+00 9.869444e-01
4.600000e+00 9.917294e-01
4.700000e+00 1.000208e+00
4.800000e+00 1.006696e+00
4.900000e+00 1.010165e+00
5.000000e+00 0.000000e+00
5.100000e+00 0.000000e+00
5.200000e+00 0.000000e+00
5.300000e+00 0.000000e+00
5.400000e+00 0.000000e+00
5.500000e+00 0.000000e+00
5.600000e+00 0.000000e+00
