0.000000e+00 0.000000e+00
1.000000e-01 0.000000e+00
2.000000e-01 0.000000e+00
3.000000e-01 0.000000e+00
4.000000e-01 0.000000e+00
5.000000e-01 0.000000e+00
6.000000e-01 0.000000e+00
7.000000e-01 0.000000e+00
8.000000e-01 0.000000e+00
9.000000e-01 0.000000e+00
1.000000e+00 2.727122e+00
1.100000e+00 1.960678e+00
1.200000e+00 1.593421e+00
1.300000e+00 1.395948e+00
1.400000e+00 5.000559e-01
1.500000e+00 5.349837e-01
1.600000e+00 6.375733e-01
1.700000e+00 8.100432e-01
1.800000e+00 1.005621e+00
1.900000e+00 1.160568e+00
2.000000e+00 1.242037e+00
2.100000e+00 1.207141e+00
2.200000e+00 1.119080e+00
2.300000e+00 1.008809e+00
2.400000e+00 8.944031e-01
2.500000e+00 8.550607e-01
2.600000e+00 8.885451e-01
2.700000e+00 9.662595e-01
2.800000e+00 1.046266e+00
2.900000e+00 1.086917e+00
3.000000e+00 1.085562e+00
3.100000e+00 1.054678e+00
3.200000e+00 1.014721e+00
3.300000e+00 9.793170e-01
3.400000e+00 9.559620e-01
3.500000e+00 9.559620e-01
3.600000e+00 9.747615e-01
3.700000e+00 1.003679e+00
3.800000e+00 1.026503e+00
3.900000e+00 1.037512e+00
4.000000e+00 1.028491e+00
4.100000e+00 1.012357e+00
4.200000e+00 9.959349e-01
4.300000e+00 9.849261e-01
4.400000e+00 9.809394e-01
4.500000e+00 9.867131e-01
4.600000e+00 9.971287e-01
4.700000e+00 1.006884e+00
4.800000e+00 1.013074e+00
4.900000e+00 1.012576e+00
5.000000e+00 0.000000e+00
5.100000e+00 0.000000e+00
5.200000e+00 0.000000e+00
5.300000e+00 0.000000e+00
5.400000e+00 0.000000e+00
5.500000e+00 0.000000e+00
