0.000000e+00 0.000000e+00
1.000000e-01 0.000000e+00
2.000000e-01 0.000000e+00
3.000000e-01 0.000000e+00
4.000000e-01 0.000000e+00
5.000000e-01 0.000000e+00
6.000000e-01 0.000000e+00
7.000000e-01 0.000000e+00
8.000000e-01 0.000000e+00
9.000000e-01 0.000000e+00
1.000000e+00 2.930481e+00
1.100000e+00 1.954310e+00
1.200000e+00 1.544764e+00
1.300000e+00 1.284233e+00
1.400000e+00 4.567603e-01
1.500000e+00 5.018902e-01
1.600000e+00 6.220970e-01
1.700000e+00 8.247932e-01
1.800000e+00 1.047892e+00
1.900000e+00 1.199222e+00
2.000000e+00 1.267622e+00
2.100000e+00 1.208095e+00
2.200000e+00 1.099232e+00
2.300000e+00 9.759958e-01
2.400000e+00 8.579973e-01
2.500000e+00 8.265029e-01
2.600000e+00 8.826772e-01
2.700000e+00 9.838522e-01
2.800000e+00 1.072839e+00
2.900000e+00 1.107621e+00
3.000000e+00 1.091456e+00
3.100000e+00 1.047835e+00
3.200000e+00 9.994650e-01
3.300000e+00 9.615719e-01
3.400000e+00 9.404021e-01
3.500000e+00 9.452403e-01
3.600000e+00 9.752287e-01
3.700000e+00 1.013736e+00
3.800000e+00 1.040649e+00
3.900000e+00 1.043864e+00
4.000000e+00 1.029314e+00
4.100000e+00 1.007685e+00
4.200000e+00 9.865816e-01
4.300000e+00 9.745812e-01
4.400000e+00 9.749131e-01
4.500000e+00 9.848288e-01
4.600000e+00 9.999433e-01
4.700000e+00 1.012364e+00
4.800000e+00 1.018608e+00
4.900000e+00 1.015024e+00
5.000000e+00 0.000000e+00
5.100000e+00 0.000000e+00
5.200000e+00 0.000000e+00
5.300000e+00 0.000000e+00
5.400000e+00 0.000000e+00
