0.000000e+00 0.000000e+00
1.000000e-01 0.000000e+00
2.000000e-01 0.000000e+00
3.000000e-01 0.000000e+00
4.000000e-01 0.000000e+00
5.000000e-01 0.000000e+00
6.000000e-01 0.000000e+00
7.000000e-01 0.000000e+00
8.000000e-01 0.000000e+00
9.000000e-01 0.000000e+00
1.000000e+00 3.079145e+00
1.100000e+00 1.948569e+00
1.200000e+00 1.487789e+00
1.300000e+00 1.195013e+00
1.400000e+00 4.197770e-01
1.500000e+00 4.666601e-01
1.600000e+00 6.079611e-01
1.700000e+00 8.379731e-01
1.800000e+00 1.080788e+00
1.900000e+00 1.229036e+00
2.000000e+00 1.287091e+00
2.100000e+00 1.200467e+00
2.200000e+00 1.081960e+00
2.300000e+00 9.468536e-01
2.400000e+00 8.193602e-01
2.500000e+00 8.025237e-01
2.600000e+00 8.782558e-01
2.700000e+00 1.002487e+00
2.800000e+00 1.094371e+00
2.900000e+00 1.123475e+00
3.000000e+00 1.092530e+00
3.100000e+00 1.041848e+00
3.200000e+00 9.835294e-01
3.300000e+00 9.446729e-01
3.400000e+00 9.202577e-01
3.500000e+00 9.398581e-01
3.600000e+00 9.811512e-01
3.700000e+00 1.023621e+00
3.800000e+00 1.052433e+00
3.900000e+00 1.051427e+00
4.000000e+00 1.026030e+00
4.100000e+00 1.001576e+00
4.200000e+00 9.755173e-01
4.300000e+00 9.656962e-01
4.400000e+00 9.701722e-01
4.500000e+00 9.853587e-01
4.600000e+00 1.004480e+00
4.700000e+00 1.019728e+00
4.800000e+00 1.026174e+00
4.900000e+00 1.018411e+00
5.000000e+00 0.000000e+00
5.100000e+00 0.000000e+00
5.200000e+00 0.000000e+00
