0.000000e+00 0.000000e+00
1.000000e-01 0.000000e+00
2.000000e-01 0.000000e+00
3.000000e-01 0.000000e+00
4.000000e-01 0.000000e+00
5.000000e-01 0.000000e+00
6.000000e-01 0.000000e+00
7.000000e-01 0.000000e+00
8.000000e-01 0.000000e+00
9.000000e-01 0.000000e+00
1.000000e+00 3.259152e+00
1.100000e+00 1.979503e+00
1.200000e+00 1.430878e+00
1.300000e+00 1.079213e+00
1.400000e+00 3.733600e-01
1.500000e+00 4.414839e-01
1.600000e+00 6.002498e-01
1.700000e+00 8.721405e-01
1.800000e+00 1.136299e+00
1.900000e+00 1.263098e+00
2.000000e+00 1.312486e+00
2.100000e+00 1.204454e+00
2.200000e+00 1.049536e+00
2.300000e+00 9.059000e-01
2.400000e+00 7.806446e-01
2.500000e+00 7.784558e-01
2.600000e+00 8.854173e-01
2.700000e+00 1.041942e+00
2.800000e+00 1.138577e+00
2.900000e+00 1.144051e+00
3.000000e+00 1.095082e+00
3.100000e+00 1.020420e+00
3.200000e+00 9.596276e-01
3.300000e+00 9.190722e-01
3.400000e+00 9.071382e-01
3.500000e+00 9.378843e-01
3.600000e+00 9.939246e-01
3.700000e+00 1.052346e+00
3.800000e+00 1.072989e+00
3.900000e+00 1.057431e+00
4.000000e+00 1.022778e+00
4.100000e+00 9.817717e-01
4.200000e+00 9.598644e-01
4.300000e+00 9.513622e-01
4.400000e+00 9.691258e-01
4.500000e+00 9.920970e-01
4.600000e+00 1.017417e+00
4.700000e+00 1.036743e+00
4.800000e+00 1.032559e+00
4.900000e+00 1.016517e+00
5.000000e+00 0.000000e+00
5.100000e+00 0.000000e+00
